-1.969685
-5556.063317
-576369.525360
-733012.787366
-913499.368997
-1574786.609660
-1379250.683606
-827781.334220
-552399.348532
-607009.275033
451964.678724
502182.137097
248874.819994
419975.726485
1305616.746208
1667124.574165
2815921.355929
2675985.962629
3339094.039349
3355783.248390
2892703.101571
2168241.448099
1924448.198853
1318079.727059
2194577.718018
1906194.833759
4403695.078001
3480485.651561
3640260.276574
4018168.609853
2902100.595427
2865435.802925
3909475.624540
2662334.835280
2182472.654187
1338714.781580
1351472.869654
88668.928569
-212263.287820
-465995.725848
-153091.501083
609008.441837
842574.352774
1352761.337041
1348782.219566
3218562.759410
3857657.594373
3852970.029071
4360129.997461
3866918.118842
2425079.165104
2290547.187603
2094111.206083
1985108.870197
1795209.645712
3380023.691246
2290784.675893
4557049.845156
2555888.984133
2653763.816595
3811109.641236
3483513.952990
3900567.790657
3809889.607477
3241367.738687
4252667.678560
2355288.584737
1755574.838533
2748078.557415
5316579.822472
5822414.138378
3825569.939307
3007624.520483
3497208.515734
3187625.513132
2933206.684862
2332339.363441
2211578.915937
477881.540635
-1559533.538443
-2161685.899854
-4055751.973987
-1521506.885575
93198.404379
1559825.001326
4508562.230677
4805624.262597
5440870.624761
4271932.240862
2365075.439863
2392242.542953
1150051.571305
1902219.382975
-902992.882858
297850.452086
2181008.009235
3906244.589678
3481997.772972
2968372.113212
5038624.867768
3512852.852406
3805861.503209
3387881.772678
1950238.922403
2254890.464851
5468909.521046
5085043.171010
3744047.176630
3238917.247696
758813.275483
544448.673700
1019690.044108
2018737.358973
2198335.000214
2320126.923628
752823.577390
1662196.197189
2184035.434731
1596282.743237
1442572.550630
-596077.012642
-587478.818040
-10351.030274
-147817.103434
414074.604265
419472.049876
1231679.098305
1788709.351978
2491125.291156
2571822.433737
2483003.766567
2440236.357120
1342670.817590
2188489.619219
1863680.052275
2190030.655171
2444200.781716
1829250.176326
582939.772326
1591666.616062
2314384.054216
2965838.912049
2938920.831522
2463967.178555
2685760.708430
2623001.448451
3531874.936425
3387628.677438
2040481.769983
1809404.529650
1655131.434887
3030157.365568
2574661.992920
2339732.316541
1879121.413187
2208149.452393
2100335.512384
2765340.231800
2583562.385172
3164457.636233
4213576.403376
3602719.479691
1944938.631002
2128677.085072
3189117.209554
3300304.239613
4642879.889635
4355516.861622
5546830.039440
6077445.730420
5268526.901012
6912006.798049
4898690.472465
3616613.005057
3399926.169515
3842834.498891
3641284.880758
2597829.157246
2231933.216910
2386103.785217
2689134.476890
2677285.267662
2348916.995058
2646282.460930
2878254.087342
3140083.638622
2215634.582554
3003975.777281
3070720.634112
2666838.640928
1898718.565271
173667.621139
395655.558545
1788519.014177
2335523.541771
2809576.042371
3293299.569864
2450037.621467
1844361.154963
1702090.742239
-943509.816197
-221396.818017
-1026604.042258
123137.515844
558252.161370
-904824.575555
-450410.245891
40736.006144
542377.840067
916392.876236
1798111.087114
156513.923123
-903954.359302
-530695.255036
2075559.149773
3009171.760277
3855013.994371
4643188.148570
4494293.688931
4162227.077711
3684361.128278
3396960.580262
2397280.164651
1836764.063232
2219143.191087
3015727.685953
1840332.522982
2393470.284792
3201293.280034
-67380.371936
902600.615578
1621711.664542
3016435.414460
2151708.540748
1227645.706291
887223.805509
2395860.640686
2573677.893346
1224108.095541
2018901.903436
1812318.514199
4286536.416922
2329301.971990
3144376.434833
3685279.445681
4059010.756592
5684411.782335
3378010.758342
4792497.916128
4275527.889045
4394705.793032
1309610.221944
1815111.827251
1915585.356674
3086794.375002
3151606.471908
1871973.215042
1293469.407710
1763790.249851
1079415.726213
998104.174938
2182823.645973
1147034.948965
903255.503366
1856441.844168
1005302.436043
2056992.843089
2919543.456551
2950050.442872
2884504.577740
2510298.171847
2107324.237956
3589370.425122
1764451.252246
2199120.126895
3098127.116270
2186792.927391
1884726.239067
2895310.035692
1333626.536700
1602375.902690
2807399.604127
2618411.883809
1522433.203537
2140865.811398
705908.362115
989544.709307
957183.774951
-325887.490013
-505971.348978
-2094537.161428
-1570691.588061
-656839.568513
199605.279008
898448.875669
2982929.722284
4599888.409959
3325393.407436
1738262.752734
925844.350472
342596.625397
85462.649023
1541636.840174
3197968.632074
2411031.982373
2868141.848947
2834159.960652
1481020.869047
2832273.088498
2265865.627242
1443852.393930
1288724.055601
2514586.608501
4162421.642588
3414132.747091
4556954.633349
4233528.909270
4327050.183718
2341920.600447
3328595.528646
4565706.081073
5030515.022628
4724775.015851
5111850.222549
4219407.265406
3839837.137710
4617080.270657
2997542.028151
3494081.801927
3865339.525946
2743871.135603
3078597.838418
3323067.880280
3897042.004479
3853747.371005
3847493.060034