-1225000000.000000
-1217686567.164179
-1210373134.328358
-1203059701.492537
-1195746268.656716
-1188432835.820895
-1181119402.985075
-1173805970.149254
-1166492537.313433
-1159179104.477612
-1151865671.641791
-1144552238.805970
-1137238805.970149
-1129925373.134328
-1122611940.298507
-1115298507.462686
-1107985074.626865
-1100671641.791044
-1093358208.955224
-1086044776.119403
-1078731343.283582
-1071417910.447761
-1064104477.611940
-1056791044.776119
-1049477611.940298
-1042164179.104477
-1034850746.268656
-1027537313.432835
-1020223880.597014
-1012910447.761194
-1005597014.925373
-998283582.089552
-990970149.253731
-983656716.417910
-976343283.582089
-969029850.746268
-961716417.910447
-954402985.074626
-947089552.238805
-939776119.402984
-932462686.567163
-925149253.731343
-917835820.895522
-910522388.059701
-903208955.223880
-895895522.388059
-888582089.552238
-881268656.716417
-873955223.880596
-866641791.044775
-859328358.208954
-852014925.373133
-844701492.537313
-837388059.701492
-830074626.865671
-822761194.029850
-815447761.194029
-808134328.358208
-800820895.522387
-793507462.686566
-786194029.850745
-778880597.014924
-771567164.179103
-764253731.343282
-756940298.507462
-749626865.671641
-742313432.835820
-734999999.999999
-727686567.164178
-720373134.328357
-713059701.492536
-705746268.656715
-698432835.820894
-691119402.985073
-683805970.149252
-676492537.313432
-669179104.477611
-661865671.641790
-654552238.805969
-647238805.970148
-639925373.134327
-632611940.298506
-625298507.462685
-617985074.626864
-610671641.791043
-603358208.955222
-596044776.119401
-588731343.283581
-581417910.447760
-574104477.611939
-566791044.776118
-559477611.940297
-552164179.104476
-544850746.268655
-537537313.432834
-530223880.597013
-522910447.761192
-515597014.925371
-508283582.089550
-500970149.253730
-493656716.417909
-486343283.582088
-479029850.746267
-471716417.910446
-464402985.074625
-457089552.238804
-449776119.402983
-442462686.567162
-435149253.731341
-427835820.895520
-420522388.059700
-413208955.223879
-405895522.388058
-398582089.552237
-391268656.716416
-383955223.880595
-376641791.044774
-369328358.208953
-362014925.373132
-354701492.537311
-347388059.701490
-340074626.865669
-332761194.029849
-325447761.194028
-318134328.358207
-310820895.522386
-303507462.686565
-296194029.850744
-288880597.014923
-281567164.179102
-274253731.343281
-266940298.507460
-259626865.671640
-252313432.835819
-244999999.999998
-237686567.164177
-230373134.328356
-223059701.492535
-215746268.656714
-208432835.820893
-201119402.985072
-193805970.149252
-186492537.313431
-179179104.477610
-171865671.641789
-164552238.805968
-157238805.970147
-149925373.134326
-142611940.298505
-135298507.462684
-127985074.626864
-120671641.791043
-113358208.955222
-106044776.119401
-98731343.283580
-91417910.447759
-84104477.611938
-76791044.776117
-69477611.940296
-62164179.104475
-54850746.268655
-47537313.432834
-40223880.597013
-32910447.761192
-25597014.925371
-18283582.089550
-10970149.253729
-3656716.417908
3656716.417913
10970149.253733
18283582.089554
25597014.925375
32910447.761196
40223880.597017
47537313.432838
54850746.268659
62164179.104480
69477611.940301
76791044.776122
84104477.611942
91417910.447763
98731343.283584
106044776.119405
113358208.955226
120671641.791047
127985074.626868
135298507.462689
142611940.298510
149925373.134330
157238805.970151
164552238.805972
171865671.641793
179179104.477614
186492537.313435
193805970.149256
201119402.985077
208432835.820898
215746268.656718
223059701.492539
230373134.328360
237686567.164181
245000000.000002
252313432.835823
259626865.671644
266940298.507465
274253731.343286
281567164.179106
288880597.014927
296194029.850748
303507462.686569
310820895.522390
318134328.358211
325447761.194032
332761194.029853
340074626.865674
347388059.701495
354701492.537316
362014925.373136
369328358.208957
376641791.044778
383955223.880599
391268656.716420
398582089.552241
405895522.388062
413208955.223883
420522388.059704
427835820.895525
435149253.731346
442462686.567167
449776119.402987
457089552.238808
464402985.074629
471716417.910450
479029850.746271
486343283.582092
493656716.417913
500970149.253734
508283582.089555
515597014.925376
522910447.761197
530223880.597017
537537313.432838
544850746.268659
552164179.104480
559477611.940301
566791044.776122
574104477.611943
581417910.447764
588731343.283585
596044776.119406
603358208.955227
610671641.791047
617985074.626868
625298507.462689
632611940.298510
639925373.134331
647238805.970152
654552238.805973
661865671.641794
669179104.477615
676492537.313436
683805970.149257
691119402.985078
698432835.820898
705746268.656719
713059701.492540
720373134.328361
727686567.164182
735000000.000003
742313432.835824
749626865.671645
756940298.507466
764253731.343287
771567164.179108
778880597.014928
786194029.850749
793507462.686570
800820895.522391
808134328.358212
815447761.194033
822761194.029854
830074626.865675
837388059.701496
844701492.537317
852014925.373138
859328358.208959
866641791.044779
873955223.880600
881268656.716421
888582089.552242
895895522.388063
903208955.223884
910522388.059705
917835820.895526
925149253.731347
932462686.567168
939776119.402989
947089552.238809
954402985.074630
961716417.910451
969029850.746272
976343283.582093
983656716.417914
990970149.253735
998283582.089556
1005597014.925377
1012910447.761198
1020223880.597019
1027537313.432840
1034850746.268660
1042164179.104481
1049477611.940302
1056791044.776123
1064104477.611944
1071417910.447765
1078731343.283586
1086044776.119407
1093358208.955228
1100671641.791049
1107985074.626869
1115298507.462690
1122611940.298511
1129925373.134332
1137238805.970153
1144552238.805974
1151865671.641795
1159179104.477616
1166492537.313437
1173805970.149258
1181119402.985079
1188432835.820899
1195746268.656720
1203059701.492541
1210373134.328362
1217686567.164183
1225000000.000004