2.609655
11.830778
11.207194
11.771834
0.000000
14.197272
20.104314
13.503253
9.739093
0.000000
21.466332
9.267049
17.197325
10.588903
0.000000
6.364335
12.659699
6.441510
24.474526
0.000000
0.000000
5.264658
10.443872
16.079241
5.359532
0.000000
15.338264
6.589090
11.643789
14.681331
0.000000
16.449287
3.314813
19.974168
10.327039
0.000000
9.310317
16.035660
11.476403
5.797414
0.000000
0.000000
9.073124
16.261690
14.672826
9.384045
0.000000
19.941523
6.189248
17.069477
5.028767
0.000000
12.678082
17.884847
2.733522
4.886653
0.000000
10.272745
7.825579
10.675381
16.076688
0.000000
0.000000
9.667331
3.646228
14.413817
2.991302
0.000000
5.145843
10.552320
14.854235
13.774939
0.000000
6.287284
14.099631
4.296102
6.476829
0.000000
7.087421
14.261239
9.186149
12.978653
0.000000
0.000000
7.732107
10.180537
3.064720
9.002536
0.000000
7.942627
12.939115
16.875782
10.904210
0.000000
3.697440
11.734566
17.261164
10.785264
0.000000
5.905980
14.035690
3.275148
14.371908
0.000000
0.000000
13.325300
14.047396
6.471146
11.180548
0.000000
19.773539
10.785072
10.654861
12.191398
0.000000
9.757195
8.277779
8.363073
6.428856
0.000000
12.108611
16.038491
13.077602
16.058007
0.000000
0.000000
11.362964
7.855157
12.509343
6.102358
0.000000
2.892132
5.158490
10.901783
23.265628
0.000000
10.279026
9.460120
6.622809
13.099955
0.000000
10.899122
6.458556
10.399861
15.386317
0.000000
0.000000
8.402064
6.481046
17.555357
11.502419
0.000000
8.003599
13.029669
18.210172
6.819803
0.000000
6.469443
7.784297
20.274007
6.584223
0.000000
16.486090
0.592907
22.560742
17.919267
0.000000
0.000000
283.127423
10.048265
23.153661
7.204450
0.000000
10.896354
21.417725
5.302290
11.521860
0.000000
4.950502
3.185128
16.939992
12.274638
0.000000
16.364361
18.021063
14.620455
4.908227
0.000000
0.000000
5.664020
14.851441
29.826571
27.587951
0.000000
9.730774
19.652985
1.748900
9.922596
0.000000
8.656355
6.999686
33.643978
22.000580
0.000000
19.712352
9.470845
10.932425
9.355246
0.000000
0.000000
17.297015
6.092825
5.927447
17.727335
0.000000
14.315292
27.774645
9.079110
12.797150
0.000000
9.529418
11.825063
20.754130
14.233981
0.000000
14.147851
20.324955
9.769645
20.457581
0.000000
0.000000
7.726679
9.187511
8.992202
10.514960
0.000000
11.252617
5.608631
5.046611
7.003228
0.000000
12.758095
11.485862
18.394805
17.478759
0.000000
32.487175
14.020313
4.831052
8.619854
0.000000
0.000000
10.514172
5.934380
13.226618
4.773846
0.000000
7.513688
6.982582
8.696731
7.748539
0.000000
11.893377
15.646259
8.650224
3.465937
0.000000
11.859016
8.264659
14.602375
9.457025
0.000000
0.000000
12.033553
15.204550
1.453560
11.851368
0.000000
18.433092
4.560984
5.163479
18.493718
0.000000
14.065490
1.633331
5.964194
9.377651
0.000000
12.681115
8.211381
5.048363
7.251680
0.000000
0.000000
12.232108
18.188909
24.122328
8.788789
0.000000
9.730548
10.231119
13.601116
20.443169
0.000000
13.146595
15.786893
8.301722
10.172596
0.000000
7.731831
14.006856
18.652674
8.036953
0.000000
0.000000
5.992536
21.618463
6.538185
13.945523
0.000000
14.266818
22.816149
14.104411
14.610680
0.000000
10.544537
5.611545
9.437271
13.480164
0.000000
13.202897
3.318084
24.664366
16.432826
0.000000
0.000000